# 1:BH separation 2:Local energy gain 3:Global energy gain 4:Eff. with global energy, Eff. with local energy
10.0000000000000000    0.1018552322694035    0.1018539383068373    0.4165349586389754    0.4165293020302941
9.6899999999999995    0.0996682191820728    0.0996669153925070    0.4099912589653710    0.4099855399919209
9.3800000000000008    0.0975790927864213    0.0975778449256488    0.4042822480170929    0.4042767439403118
9.0700000000000003    0.0956006547139661    0.0955993729921173    0.3994849072973370    0.3994792027270561
8.7599999999999998    0.0937099522783203    0.0937087270123942    0.3954568832639254    0.3954513766173146
8.4499999999999993    0.0918058954464308    0.0918047065843700    0.3915618006432178    0.3915564144708418
8.1400000000000006    0.0895591972779018    0.0895580017675254    0.3857189791093659    0.3857135001267253
7.8300000000000001    0.0858422749304826    0.0858410601910087    0.3709406424619314    0.3709350873643125
7.5199999999999996    0.0760066620815885    0.0760054472477077    0.3205512719659607    0.3205458837844264
7.2100000000000000    0.0333958802936417    0.0333946448626347    0.1207168410527975    0.1207122709189437
