# 1:M2 2:Local energy gain 3:Global energy gain 4:Eff. with global energy, Eff. with local energy
0.5000000000000000    0.0249494880213033    0.0249484874839155    0.1057279994029897    0.1057236710602922
0.4750000000000000    0.0207070106183886    0.0207060389854659    0.0870377969920106    0.0870336429442202
0.4500000000000000    0.0170929632918718    0.0170920335246956    0.0712047949044382    0.0712008663973118
0.4250000000000000    0.0140158650236032    0.0140149611748720    0.0578255784926676    0.0578218053066227
0.4000000000000000    0.0113912978217234    0.0113904049054367    0.0465203386664686    0.0465166569217887
0.3750000000000000    0.0091464912272773    0.0091456354917875    0.0369572283763885    0.0369537431441037
0.3500000000000000    0.0072204054119012    0.0072195745925159    0.0288551456052595    0.0288518045002344
0.3250000000000000    0.0055624165018804    0.0055615912758038    0.0219792546154663    0.0219759777138235
0.3000000000000000    0.0041306011472955    0.0041298235820964    0.0161341223097530    0.0161310745614111
0.2750000000000000    0.0028902694424000    0.0028895154854358    0.0111575173287062    0.0111545996429916
